8 | 1   0   0   0   5   0   0   9   0    | 15
7 | 2   5   0   1   9   4   7   3   8    | 39
6 | 3   0   9   0   2   7   1   0   6    | 28
5 | 6   0   8   9   7   1   0   0   5    | 36
4 | 0   0   0   6   4   5   3   0   9    | 27
3 | 0   0   4   2   8   3   0   1   0    | 18
2 | 8   7   0   4   0   2   0   6   1    | 28
1 | 0   6   0   5   1   0   8   7   2    | 29
0 | 0   2   1   0   0   0   5   4   3    | 15
  ----------------------------------------
    0   1   2   3   4   5   6   7   8
   --- --- --- --- --- --- --- --- ---
   20  20  22  27  36  22  24  30  34