8 | 0   0   0   0   0   0   0   0   7    | 7
7 | 0   4   8   6   0   2   1   5   9    | 35
6 | 0   6   0   0   0   0   0   8   0    | 14
5 | 0   9   0   8   0   4   0   3   0    | 24
4 | 0   0   0   0   2   0   0   0   0    | 2
3 | 0   2   0   9   0   5   0   6   0    | 22
2 | 0   7   0   0   0   0   0   9   0    | 16
1 | 1   8   3   2   0   7   5   4   0    | 30
0 | 2   0   0   0   0   0   0   0   0    | 2
  ----------------------------------------
    0   1   2   3   4   5   6   7   8
   --- --- --- --- --- --- --- --- ---