8 | 0   0   0   7   0   8   0   0   0    | 15
7 | 0   6   0   0   0   9   8   0   0    | 23
6 | 0   0   0   4   3   0   0   0   0    | 7
5 | 0   0   0   0   0   0   6   0   0    | 6
4 | 0   1   0   0   0   5   0   8   9    | 23
3 | 0   3   8   0   0   0   4   0   0    | 15
2 | 3   4   0   8   0   7   1   0   6    | 29
1 | 0   5   6   0   9   0   7   3   0    | 30
0 | 1   0   0   0   5   0   0   9   0    | 15
  ----------------------------------------
    0   1   2   3   4   5   6   7   8
   --- --- --- --- --- --- --- --- ---