8 | 0   0   0   0   8   0   0   7   9    | 24
7 | 0   0   0   4   1   9   0   0   5    | 19
6 | 0   6   0   0   0   0   2   8   0    | 16
5 | 7   0   0   0   2   0   0   0   6    | 15
4 | 4   0   0   8   0   3   0   0   1    | 16
3 | 8   0   0   0   6   0   0   0   3    | 17
2 | 0   9   8   0   0   0   0   6   0    | 23
1 | 6   0   0   1   9   5   0   0   0    | 21
0 | 5   3   0   0   7   0   0   0   0    | 15
  ----------------------------------------
    0   1   2   3   4   5   6   7   8
   --- --- --- --- --- --- --- --- ---
   30  18  8  13  33  17  2  21  24